$ANSIBLE_VAULT;1.1;AES256
37353531313061343462343565353739313363666436623434646630393663306562306439656461
3065626461383034376636646666356161343938393138360a333761393032306163366433663233
61333634343665356162666436356637646463623937663762616365666633633037303133643933
6635643861636134610a643466383035383031303732623036623135333665653466386337303663
38336531303338363735343131623662386265343830643535613864333437626530306138333738
65333939363865366163343762623731323238346231303035633266366232383065373035333737
33373263643661633863383136666361626234383933303766636265623733386435333230373962
32646266366164653132383262323962386338626430336264613435383831396133663166313732
36323937623863323831303365303964613664323263303833363261353561363133643266383863
65333835383761316666653736333636323634376632363530383235373133393763353161393336
39653739613231616134363362623737323632653937623635363735616165306565393861373962
61643139373236333339613930666261323162623333323534356563383864333833333661663465
65373436636530396533306438313933393766323431323835663063313831313366
