$ANSIBLE_VAULT;1.1;AES256
32396630343137666334316565663232356164363630643634343864666234313335633031656636
3636303435323338333464393562363337303232386439340a303639303961353936623234633236
35383162316237623239323064363665346165316634306535653466333237356363323965343138
6634626561303861300a653135303935376266363135386430356465393461643537616362623230
37336434316439323866333634336439623866306436363063363738663566656330366131646132
31393032313234366335643632306437393133333434646634306561366434303132613833373038
39303738663332343365363565353339636438333838373565653432653466343236306165353632
33663638306534336463626233643462353962636163356564333638616137383463333766653736
61326238653537383861323236353230396166333163336436633632643039396436643762383033
34396232316133653062623237656364346266373434356330316163313961666139333963393138
36323564626332653061653939373363656133376164346339623866336662386363306262343535
65393935633365346266
