$ANSIBLE_VAULT;1.1;AES256
63633932383534346238366663303735303062376535646339363736353362323766353033623263
6130663434333637666139346130356536613834393639340a373435373031623263633131393431
66613639336231333163626339616536313063383938393265373038353665336636313636663130
3730326262616233650a666439306662313564643462356163616630646435323961653666326561
35616262346231363864376335306339396166326461393263643737613866326333626261306361
31616363343463333638663732363461643634313537633664383633353330373931623531656436
35663136663033626337643365376162303236373634636266366535643433633230353463336261
33376130633837336235306633633233656264666563373331303936396262343632333338653261
34326262636539656230633132363530656364366466393364306530393766643062383732323631
34633439653961653361306164336538376539353863306632613035353764653135373830316239
30373535356134303534633037626664336336323831313333373734643134333863316630366262
32643533306231303835
